SyncthingID,nodeinfo.ps1
ASDASDA,X